$ 2 0.000005 10.20027730826997 54 5 50 5e-11
w -840 352 -792 352 0
w -840 544 -840 352 0
w -840 320 -792 320 0
w -840 256 -840 320 0
155 -792 448 -696 448 2048 0
R -920 480 -920 400 0 0 40 3.3 0 0 0.5
r -920 480 -920 544 0 1000
g -920 608 -920 656 0 0
w -920 544 -840 544 0
s -920 544 -920 608 0 0 false
s -920 256 -920 320 0 0 false
w -920 256 -840 256 0
g -920 320 -920 368 0 0
r -920 192 -920 256 0 1000
R -920 192 -920 112 0 0 40 3.3 0 0 0.5
155 -792 320 -696 320 0 0
w -808 512 -808 544 0
w -840 544 -808 544 0
w -840 256 -808 256 0
w -808 256 -808 480 0
w -808 480 -792 480 0
w -808 512 -792 512 0
w 1016 216 1128 216 0
w 1016 184 1128 184 0
w 1016 152 1128 152 0
w 1016 120 1128 120 0
157 1256 120 1448 120 0 7 0 0
197 1128 120 1288 120 0
w 1256 248 1320 248 0
w 1256 280 1352 280 0
w 1352 248 1352 280 0
w 1256 312 1384 312 0
w 1384 248 1384 312 0
w 1384 16 1384 80 0
w 1256 80 1384 80 0
w 1352 16 1352 48 0
w 1256 48 1352 48 0
w 1256 16 1320 16 0
197 1128 -112 1288 -112 0
157 1256 -112 1448 -112 0 7 0 0
w 1016 88 1128 -16 0
w 1016 56 1128 -48 0
w 64 512 424 512 0
w 0 536 424 536 0
w -64 560 424 560 0
w 320 416 424 416 0
w 256 440 424 440 0
w 192 464 424 464 0
w 384 392 424 392 0
M 384 392 -120 392 2 2.5
M 320 416 -120 416 2 2.5
M 256 440 -120 440 2 2.5
M 192 464 -120 464 2 2.5
M 128 488 -120 488 2 2.5
M 64 512 -120 512 2 2.5
M 0 536 -120 536 2 2.5
M -64 560 -120 560 2 2.5
w 320 608 320 416 0
w 256 608 256 440 0
w 192 608 192 464 0
w 128 608 128 488 0
w 64 608 64 512 0
w 0 608 0 536 0
w -64 608 -64 560 0
R -120 672 -168 672 0 0 40 3.3 0 0 0.5
w -120 672 -56 672 0
w -120 640 -120 672 0
w -120 640 -112 640 0
w -120 608 -120 640 0
w -112 608 -120 608 0
w 136 640 136 672 0
w 200 640 200 672 0
w 264 672 264 640 0
w 200 672 264 672 0
w 136 672 200 672 0
w 72 672 136 672 0
w 72 640 72 672 0
w 8 672 72 672 0
w -56 672 8 672 0
w 8 640 8 672 0
w -56 640 -56 672 0
w 264 640 272 640 0
w 264 608 264 640 0
w 272 608 264 608 0
w 200 640 208 640 0
w 200 608 200 640 0
w 208 608 200 608 0
w 136 640 144 640 0
w 136 608 136 640 0
w 144 608 136 608 0
w 72 640 80 640 0
w 72 608 72 640 0
w 80 608 72 608 0
w 8 640 16 640 0
w 8 608 8 640 0
w 16 608 8 608 0
w 256 624 272 624 0
w 256 608 256 624 0
w 192 624 208 624 0
w 192 608 192 624 0
w 128 624 144 624 0
w 128 608 128 624 0
w 64 624 80 624 0
w 64 608 64 624 0
w 0 624 16 624 0
w 0 608 0 624 0
156 272 608 288 608 1 0
156 208 608 224 608 1 0
156 144 608 152 608 1 0
156 80 608 96 608 1 0
156 16 608 32 608 1 0
w -64 624 -48 624 0
w -64 608 -64 624 0
w -56 640 -48 640 0
w -56 608 -56 640 0
w -48 608 -56 608 0
156 -48 608 -32 608 1 0
156 -112 608 -96 608 1 0
w -112 624 -192 624 0
w 128 488 424 488 0
w 128 24 424 24 0
w -112 184 -192 184 0
156 -112 168 -96 168 1 0
156 -48 168 -32 168 1 0
w -48 168 -56 168 0
w -56 168 -56 200 0
w -56 200 -48 200 0
w -64 168 -64 184 0
w -64 184 -48 184 0
156 16 168 32 168 1 0
156 80 168 96 168 1 0
156 144 168 152 168 1 0
156 208 168 224 168 1 0
156 272 168 288 168 1 0
w 0 168 0 184 0
w 0 184 16 184 0
w 64 168 64 184 0
w 64 184 80 184 0
w 128 168 128 184 0
w 128 184 144 184 0
w 192 168 192 184 0
w 192 184 208 184 0
w 256 168 256 184 0
w 256 184 272 184 0
w 16 168 8 168 0
w 8 168 8 200 0
w 8 200 16 200 0
w 80 168 72 168 0
w 72 168 72 200 0
w 72 200 80 200 0
w 144 168 136 168 0
w 136 168 136 200 0
w 136 200 144 200 0
w 208 168 200 168 0
w 200 168 200 200 0
w 200 200 208 200 0
w 272 168 264 168 0
w 264 168 264 200 0
w 264 200 272 200 0
w -56 200 -56 232 0
w 8 200 8 232 0
w -56 232 8 232 0
w 8 232 72 232 0
w 72 200 72 232 0
w 72 232 136 232 0
w 136 232 200 232 0
w 200 232 264 232 0
w 264 232 264 200 0
w 200 200 200 232 0
w 136 200 136 232 0
w -112 168 -120 168 0
w -120 168 -120 200 0
w -120 200 -112 200 0
w -120 200 -120 232 0
w -120 232 -56 232 0
R -120 232 -168 232 0 0 40 3.3 0 0 0.5
w -64 168 -64 120 0
w 0 168 0 88 0
w 64 168 64 56 0
w 128 168 128 24 0
w 192 168 192 -8 0
w 256 168 256 -40 0
w 320 168 320 -72 0
M -64 120 -120 120 2 2.5
M 0 88 -120 88 2 2.5
M 64 56 -120 56 2 2.5
M 128 24 -120 24 2 2.5
M 256 -40 -120 -40 2 2.5
M 320 -72 -120 -72 2 2.5
M 384 -104 -120 -104 2 2.5
w 192 -8 424 -8 0
w 256 -40 424 -40 0
w 320 -72 424 -72 0
w -64 120 424 120 0
w 0 88 424 88 0
w 64 56 424 56 0
I 424 120 512 120 0 0.5 5
I 424 88 512 88 0 0.5 5
I 424 56 512 56 0 0.5 5
I 424 24 512 24 0 0.5 5
I 424 -8 512 -8 0 0.5 5
I 424 -40 512 -40 0 0.5 5
I 424 -72 512 -72 0 0.5 5
I 424 -104 512 -104 0 0.5 5
M 192 -8 -120 -8 2 2.5
w 384 -104 424 -104 0
w 832 -72 920 -40 0
w 832 -456 832 -72 0
w 824 -40 920 -8 0
w 824 -360 824 -40 0
w 816 -8 920 24 0
w 816 -264 816 -8 0
w 808 24 920 56 0
w 808 -168 808 24 0
w 800 56 920 88 0
w 800 -72 800 56 0
w 792 88 920 120 0
w 792 24 792 88 0
w 512 120 664 120 0
w 640 24 664 24 0
w 640 88 640 24 0
w 512 88 640 88 0
w 632 -72 664 -72 0
w 632 56 632 -72 0
w 512 56 632 56 0
w 624 -168 664 -168 0
w 624 24 624 -168 0
w 512 24 624 24 0
w 616 -264 664 -264 0
w 616 -8 616 -264 0
w 512 -8 616 -8 0
w 608 -360 664 -360 0
w 608 -40 608 -360 0
w 512 -40 608 -40 0
w 600 -456 664 -456 0
w 600 -72 600 -456 0
R 664 152 624 152 0 0 40 5 0 0 0.5
w 664 -392 664 -424 0
w 760 -392 664 -392 0
w 760 -328 760 -392 0
195 664 -456 832 -456 0
w 760 -456 832 -456 0
w 664 -296 664 -328 0
w 760 -296 664 -296 0
w 760 -232 760 -296 0
w 664 -200 664 -232 0
w 760 -200 664 -200 0
w 760 -136 760 -200 0
195 664 -360 832 -360 0
195 664 -264 816 -264 0
w 760 -264 816 -264 0
w 760 -360 824 -360 0
w 760 -168 808 -168 0
w 760 -72 800 -72 0
w 664 -104 664 -136 0
w 760 -104 664 -104 0
w 760 -40 760 -104 0
w 664 -8 664 -40 0
w 760 -8 664 -8 0
w 760 56 760 -8 0
w 760 24 792 24 0
w 664 88 664 56 0
w 760 88 664 88 0
w 760 152 760 88 0
w 760 120 920 152 0
195 664 -168 816 -168 0
195 664 -72 832 -72 0
195 664 24 792 24 0
195 664 120 840 120 0
w 600 -72 512 -72 0
w 760 -552 840 -552 0
195 664 -552 832 -552 0
w 664 -488 664 -520 0
w 592 -552 664 -552 0
w 664 -488 760 -488 0
w 760 -488 760 -424 0
w 592 -552 592 -104 0
w 592 -104 512 -104 0
w 840 -552 840 -104 0
w 840 -104 920 -72 0
196 920 -72 1032 -72 2 8
w 424 560 920 408 0
w 424 536 920 376 0
w 424 512 920 344 0
w 424 488 920 312 0
w 424 464 920 280 0
w 424 440 920 248 0
w 424 416 920 216 0
w 424 392 920 184 0
w 1016 24 1128 -80 0
w 1016 -8 1128 -112 0
g 920 440 920 496 0 0
w -248 272 -192 184 0
w -248 528 -192 624 0
w -808 256 -528 256 0
w -808 544 -528 544 0
w -696 320 -528 320 0
w -696 512 -528 512 0
150 -424 272 -248 272 0 3 0 5
150 -424 528 -248 528 0 3 0 5
w -528 544 -424 544 0
w -528 256 -424 512 0
w -528 512 -424 528 0
w -528 544 -424 288 0
w -528 256 -424 256 0
w -528 320 -424 272 0
